# name: debug
# type: sparse matrix
# nnz: 15426
# rows: 372
# columns: 372

1 1 115.496376839
2 1 0.000535292
3 1 -0.003942046
10 1 -15.364351515
11 1 -0.000118106
12 1 0.000734125
52 1 -10.460672489
53 1 -0.000100238
54 1 0.000608222
91 1 -19.996755524
92 1 0.000082958
93 1 -0.000087706
169 1 -19.997175716
170 1 -0.000163432
171 1 0.001089967
208 1 -19.997859415
209 1 -0.000085709
210 1 0.000546426
256 1 -9.682333328
257 1 -0.000039001
258 1 0.000242821
367 1 -19.997228853
368 1 -0.000111764
369 1 0.000808190
1 2 0.000535292
2 2 115.496581201
3 2 0.006698357
10 2 -0.000118106
11 2 -15.364348891
12 2 -0.000990782
52 2 -0.000100238
53 2 -10.460740617
54 2 -0.000648096
91 2 0.000082958
92 2 -19.996847021
93 2 -0.001459660
169 2 -0.000163432
170 2 -19.997232733
171 2 -0.001258619
208 2 -0.000085709
209 2 -19.997847410
210 2 -0.000846453
256 2 -0.000039001
257 2 -9.682326425
258 2 -0.000396031
367 2 -0.000111764
368 2 -19.997238104
369 2 -0.001098715
1 3 -0.003942046
2 3 0.006698357
3 3 115.490998206
10 3 0.000734125
11 3 -0.000990782
12 3 -15.363382202
52 3 0.000608222
53 3 -0.000648096
54 3 -10.460206463
91 3 -0.000087706
92 3 -0.001459660
93 3 -19.995633771
169 3 0.001089967
170 3 -0.001258619
171 3 -19.995583572
208 3 0.000546426
209 3 -0.000846453
210 3 -19.997580440
256 3 0.000242821
257 3 -0.000396031
258 3 -9.682240369
367 3 0.000808190
368 3 -0.001098715
369 3 -19.996371389
4 4 182.032594453
5 4 0.000360196
6 4 -0.004877819
10 4 -9.354731325
11 4 -0.000046789
12 4 0.000372698
13 4 -13.588905692
14 4 -0.000022790
15 4 0.000281963
79 4 -19.997436012
80 4 -0.000102220
81 4 0.000887583
91 4 -19.997007133
92 4 0.000136805
93 4 -0.000247128
169 4 -19.997427315
170 4 -0.000109603
171 4 0.000930588
181 4 -19.998093314
182 4 -0.000033651
183 4 0.000416424
208 4 -19.998111041
209 4 -0.000031865
210 4 0.000387005
256 4 -9.999062001
257 4 -0.000019322
258 4 0.000202953
304 4 -18.176390682
305 4 -0.000057835
306 4 0.000627938
307 4 -19.997602645
308 4 -0.000041261
309 4 0.000663226
367 4 -10.927827292
368 4 -0.000031664
369 4 0.000354569
4 5 0.000360196
5 5 182.033159371
6 5 0.007379504
10 5 -0.000046789
11 5 -9.354747164
12 5 -0.000477122
13 5 -0.000022790
14 5 -13.588926764
15 5 -0.000386950
79 5 -0.000102220
80 5 -19.997526168
81 5 -0.000956071
91 5 0.000136805
92 5 -19.997135916
93 5 -0.001189439
169 5 -0.000109603
170 5 -19.997521643
171 5 -0.000988388
181 5 -0.000033651
182 5 -19.998124307
183 5 -0.000571044
208 5 -0.000031865
209 5 -19.998136349
210 5 -0.000576171
256 5 -0.000019322
257 5 -9.999073580
258 5 -0.000307846
304 5 -0.000057835
305 5 -18.176431865
306 5 -0.000796704
307 5 -0.000041261
308 5 -19.997682885
309 5 -0.000677014
367 5 -0.000031664
368 5 -10.927852731
369 5 -0.000452757
4 6 -0.004877819
5 6 0.007379504
6 6 182.026846163
10 6 0.000372698
11 6 -0.000477122
12 6 -9.354271080
13 6 0.000281963
14 6 -0.000386950
15 6 -13.588830040
79 6 0.000887583
80 6 -0.000956071
81 6 -19.996306205
91 6 -0.000247128
92 6 -0.001189439
93 6 -19.996166262
169 6 0.000930588
170 6 -0.000988388
171 6 -19.996116057
181 6 0.000416424
182 6 -0.000571044
183 6 -19.997958824
208 6 0.000387005
209 6 -0.000576171
210 6 -19.998113038
256 6 0.000202953
257 6 -0.000307846
258 6 -9.998951191
304 6 0.000627938
305 6 -0.000796704
306 6 -18.175586834
307 6 0.000663226
308 6 -0.000677014
309 6 -19.997034540
367 6 0.000354569
368 6 -0.000452757
369 6 -10.927512091
7 7 163.375561086
8 7 -0.000128182
9 7 -0.000136624
208 7 -19.998758660
209 7 0.000012175
210 7 0.000060810
256 7 -9.999394666
257 7 0.000007633
258 7 0.000016333
259 7 -13.933790761
260 7 0.000009987
261 7 0.000026488
262 7 -19.998784865
263 7 0.000014368
264 7 0.000037494
265 7 -10.599600229
266 7 0.000006387
267 7 0.000033471
277 7 -19.998688519
278 7 0.000013285
279 7 0.000039348
283 7 -8.850578042
284 7 0.000010167
285 7 -0.000021149
286 7 -19.998634579
287 7 0.000022614
288 7 -0.000044636
319 7 -19.998769367
320 7 0.000013412
321 7 0.000042120
343 7 -19.998561397
344 7 0.000018154
345 7 -0.000053653
7 8 -0.000128182
8 8 163.375730052
9 8 0.002028855
208 8 0.000012175
209 8 -19.998768863
210 8 -0.000257612
256 8 0.000007633
257 8 -9.999399778
258 8 -0.000121103
259 8 0.000009987
260 8 -13.933800003
261 8 -0.000168550
262 8 0.000014368
263 8 -19.998798120
264 8 -0.000242528
265 8 0.000006387
266 8 -10.599606865
267 8 -0.000130885
277 8 0.000013285
278 8 -19.998706395
279 8 -0.000220080
283 8 0.000010167
284 8 -8.850594212
285 8 -0.000121131
286 8 0.000022614
287 8 -19.998670642
288 8 -0.000272001
319 8 0.000013412
320 8 -19.998784664
321 8 -0.000233719
343 8 0.000018154
344 8 -19.998600508
345 8 -0.000261245
7 9 -0.000136624
8 9 0.002028855
9 9 163.379748887
208 9 0.000060810
209 9 -0.000257612
210 9 -19.999344736
256 9 0.000016333
257 9 -0.000121103
258 9 -9.999714704
259 9 0.000026488
260 9 -0.000168550
261 9 -13.934194007
262 9 0.000037494
263 9 -0.000242528
264 9 -19.999354318
265 9 0.000033471
266 9 -0.000130885
267 9 -10.599937572
277 9 0.000039348
278 9 -0.000220080
279 9 -19.999039174
283 9 -0.000021149
284 9 -0.000121131
285 9 -8.850796016
286 9 -0.000044636
287 9 -0.000272001
288 9 -19.999141694
319 9 0.000042120
320 9 -0.000233719
321 9 -19.999256008
343 9 -0.000053653
344 9 -0.000261245
345 9 -19.998970658
1 10 -15.364351515
2 10 -0.000118106
3 10 0.000734125
4 10 -9.354731325
5 10 -0.000046789
6 10 0.000372698
10 10 159.968151220
11 10 0.000765886
12 10 -0.006224649
52 10 -19.997175693
53 10 -0.000164075
54 10 0.001109646
79 10 -19.652353658
80 10 -0.000126312
81 10 0.000976887
91 10 -12.893666902
92 10 0.000071272
93 10 -0.000090840
169 10 -19.997340859
170 10 -0.000135896
171 10 0.001036970
208 10 -19.998024571
209 10 -0.000058167
210 10 0.000493423
256 10 -9.999010634
257 10 -0.000044300
258 10 0.000314126
304 10 -19.997375052
305 10 -0.000090019
306 10 0.000797722
367 10 -12.714121012
368 10 -0.000053495
369 10 0.000479892
1 11 -0.000118106
2 11 -15.364348891
3 11 -0.000990782
4 11 -0.000046789
5 11 -9.354747164
6 11 -0.000477122
10 11 0.000765886
11 11 159.968643738
12 11 0.008428015
52 11 -0.000164075
53 11 -19.997333704
54 11 -0.001108804
79 11 -0.000126312
80 11 -19.652432893
81 11 -0.001077393
91 11 0.000071272
92 11 -12.893743814
93 11 -0.000857125
169 11 -0.000135896
170 11 -19.997425663
171 11 -0.001128545
208 11 -0.000058167
209 11 -19.998040356
210 11 -0.000716363
256 11 -0.000044300
257 11 -9.999015866
258 11 -0.000439121
304 11 -0.000090019
305 11 -19.997410812
306 11 -0.001017178
367 11 -0.000053495
368 11 -12.714144574
369 11 -0.000615582
1 12 0.000734125
2 12 -0.000990782
3 12 -15.363382202
4 12 0.000372698
5 12 -0.000477122
6 12 -9.354271080
10 12 -0.006224649
11 12 0.008428015
12 12 159.958846931
52 12 0.001109646
53 12 -0.001108804
54 12 -19.996175055
79 12 0.000976887
80 12 -0.001077393
81 12 -19.650858895
91 12 -0.000090840
92 12 -0.000857125
93 12 -12.892873531
169 12 0.001036970
170 12 -0.001128545
171 12 -19.995638780
208 12 0.000493423
209 12 -0.000716363
210 12 -19.997635628
256 12 0.000314126
257 12 -0.000439121
258 12 -9.998407531
304 12 0.000797722
305 12 -0.001017178
306 12 -19.996097026
367 12 0.000479892
368 12 -0.000615582
369 12 -12.713507203
4 13 -13.588905692
5 13 -0.000022790
6 13 0.000281963
13 13 242.901377476
14 13 -0.000026508
15 13 -0.003576951
79 13 -19.998040327
80 13 -0.000062124
81 13 0.000612649
94 13 -19.998295531
95 13 0.000011124
96 13 0.000331271
154 13 -19.998395138
155 13 0.000041334
156 13 0.000616661
160 13 -19.998644965
161 13 0.000007710
162 13 0.000166404
181 13 -19.998697682
182 13 0.000006464
183 13 0.000141418
205 13 -19.998298951
206 13 0.000010812
207 13 0.000304438
208 13 -19.998715411
209 13 0.000008251
210 13 0.000111994
211 13 -19.998276499
212 13 0.000007836
213 13 0.000324051
265 13 -11.281205342
266 13 0.000004585
267 13 0.000064491
307 13 -19.998206977
308 13 -0.000001153
309 13 0.000388259
319 13 -18.046999408
320 13 0.000008564
321 13 0.000084189
322 13 -19.998695554
323 13 0.000005896
324 13 0.000149164
4 14 -0.000022790
5 14 -13.588926764
6 14 -0.000386950
13 14 -0.000026508
14 14 242.901923834
15 14 0.003741265
79 14 -0.000062124
80 14 -19.998118096
81 14 -0.000646193
94 14 0.000011124
95 14 -19.998365789
96 14 -0.000281685
154 14 0.000041334
155 14 -19.998478549
156 14 -0.000054412
160 14 0.000007710
161 14 -19.998667416
162 14 -0.000260006
181 14 0.000006464
182 14 -19.998716283
183 14 -0.000261098
205 14 0.000010812
206 14 -19.998363474
207 14 -0.000283489
208 14 0.000008251
209 14 -19.998728326
210 14 -0.000266222
211 14 0.000007836
212 14 -19.998340435
213 14 -0.000303007
265 14 0.000004585
266 14 -11.281213934
267 14 -0.000144148
307 14 -0.000001153
308 14 -19.998274831
309 14 -0.000367098
319 14 0.000008564
320 14 -18.047015663
321 14 -0.000218668
322 14 0.000005896
323 14 -19.998714275
324 14 -0.000268290
4 15 0.000281963
5 15 -0.000386950
6 15 -13.588830040
13 15 -0.003576951
14 15 0.003741265
15 15 242.901124348
79 15 0.000612649
80 15 -0.000646193
81 15 -19.997389754
94 15 0.000331271
95 15 -0.000281685
96 15 -19.998618599
154 15 0.000616661
155 15 -0.000054412
156 15 -19.996175083
160 15 0.000166404
161 15 -0.000260006
162 15 -19.998642756
181 15 0.000141418
182 15 -0.000261098
183 15 -19.999042574
205 15 0.000304438
206 15 -0.000283489
207 15 -19.998744166
208 15 0.000111994
209 15 -0.000266222
210 15 -19.999196806
211 15 0.000324051
212 15 -0.000303007
213 15 -19.998565638
265 15 0.000064491
266 15 -0.000144148
267 15 -11.281505446
307 15 0.000388259
308 15 -0.000367098
309 15 -19.998118183
319 15 0.000084189
320 15 -0.000218668
321 15 -18.047344278
322 15 0.000149164
323 15 -0.000268290
324 15 -19.998951025
16 16 223.333544534
17 16 0.071132664
18 16 0.232270013
19 16 -18.579733574
20 16 0.000029448
21 16 0.000186065
31 16 -16.314856483
32 16 0.000006931
33 16 0.000051407
58 16 -7.422905549
59 16 -0.071223597
60 16 -0.232965601
70 16 -14.916076885
71 16 0.000008396
72 16 0.000055799
88 16 -19.998692735
89 16 0.000003972
90 16 0.000047189
127 16 -19.998745654
128 16 0.000008401
129 16 0.000063122
136 16 -19.998673046
137 16 0.000004064
138 16 0.000045744
193 16 -19.998692735
194 16 0.000003972
195 16 0.000047189
220 16 -19.998675215
221 16 0.000007678
222 16 0.000061073
235 16 -16.109921048
236 16 0.000009902
237 16 0.000064302
331 16 -19.998657427
332 16 0.000006749
333 16 0.000056130
334 16 -19.998655012
335 16 0.000005274
336 16 0.000048933
340 16 -9.999259170
341 16 -0.000003856
342 16 -0.000031365
16 17 0.071132664
17 17 223.092645646
18 17 -0.850991423
19 17 0.000029448
20 17 -18.579650864
21 17 0.000411834
31 17 0.000006931
32 17 -16.314832119
33 17 -0.000016251
58 17 -0.071223597
59 17 -7.182242109
60 17 0.850977525
70 17 0.000008396
71 17 -14.916062306
72 17 -0.000025525
88 17 0.000003972
89 17 -19.998678495
90 17 -0.000048996
127 17 0.000008401
128 17 -19.998720353
129 17 -0.000029405
136 17 0.000004064
137 17 -19.998658833
138 17 -0.000042601
193 17 0.000003972
194 17 -19.998678495
195 17 -0.000048996
220 17 0.000007678
221 17 -19.998662449
222 17 -0.000053842
235 17 0.000009902
236 17 -16.109908235
237 17 -0.000034721
331 17 0.000006749
332 17 -19.998647833
333 17 -0.000060681
334 17 0.000005274
335 17 -19.998637595
336 17 -0.000021191
340 17 -0.000003856
341 17 -9.999265959
342 17 -0.000015727
16 18 0.232270013
17 18 -0.850991423
18 18 220.573907308
19 18 0.000186065
20 18 0.000411834
21 18 -18.577580721
31 18 0.000051407
32 18 -0.000016251
33 18 -16.315395549
58 18 -0.232965601
59 18 0.850977525
60 18 -4.658981336
70 18 0.000055799
71 18 -0.000025525
72 18 -14.916566381
88 18 0.000047189
89 18 -0.000048996
90 18 -19.999404845
127 18 0.000063122
128 18 -0.000029405
129 18 -19.999425946
136 18 0.000045744
137 18 -0.000042601
138 18 -19.999334082
193 18 0.000047189
194 18 -0.000048996
195 18 -19.999404845
220 18 0.000061073
221 18 -0.000053842
222 18 -19.999380698
235 18 0.000064302
236 18 -0.000034721
237 18 -16.110465388
331 18 0.000056130
332 18 -0.000060681
333 18 -19.999367442
334 18 0.000048933
335 18 -0.000021191
336 18 -19.999172463
340 18 -0.000031365
341 18 -0.000015727
342 18 -9.999427613
16 19 -18.579733574
17 19 0.000029448
18 19 0.000186065
19 19 259.845110154
20 19 -0.000484844
21 19 -0.003267364
40 19 -10.939941416
41 19 0.000020896
42 19 0.000124138
97 19 -11.781539274
98 19 0.000013577
99 19 0.000076294
109 19 -19.998560186
110 19 0.000045913
111 19 0.000264963
112 19 -19.750889306
113 19 0.000037322
114 19 0.000222738
139 19 -19.998464747
140 19 0.000026055
141 19 0.000151714
154 19 -17.236897057
155 19 0.000057142
156 19 0.000618223
235 19 -13.982946230
236 19 0.000025944
237 19 0.000155335
238 19 -19.998482556
239 19 0.000034415
240 19 0.000203113
241 19 -19.998324325
242 19 0.000041591
243 19 0.000328783
274 19 -19.998550544
275 19 0.000034306
276 19 0.000189994
280 19 -16.828519573
281 19 0.000046476
282 19 0.000281609
331 19 -13.602271993
332 19 0.000021453
333 19 0.000134906
334 19 -19.998567656
335 19 0.000030048
336 19 0.000191043
340 19 -6.869367303
341 19 0.000000751
342 19 -0.000002060
355 19 -10.282054412
356 19 0.000019505
357 19 0.000140505
16 20 0.000029448
17 20 -18.579650864
18 20 0.000411834
19 20 -0.000484844
20 20 259.844098225
21 20 -0.005928501
40 20 0.000020896
41 20 -10.939887399
42 20 0.000264936
97 20 0.000013577
98 20 -11.781496448
99 20 0.000266042
109 20 0.000045913
110 20 -19.998479266
111 20 0.000446906
112 20 0.000037322
113 20 -19.750792209
114 20 0.000477675
139 20 0.000026055
140 20 -19.998392471
141 20 0.000427385
154 20 0.000057142
155 20 -17.236890003
156 20 0.000469450
235 20 0.000025944
236 20 -13.982882454
237 20 0.000315999
238 20 0.000034415
239 20 -19.998411369
240 20 0.000379624
241 20 0.000041591
242 20 -19.998268675
243 20 0.000372311
274 20 0.000034306
275 20 -19.998479886
276 20 0.000369712
280 20 0.000046476
281 20 -16.828389544
282 20 0.000740210
331 20 0.000021453
332 20 -13.602214315
333 20 0.000295031
334 20 0.000030048
335 20 -19.998475110
336 20 0.000472782
340 20 0.000000751
341 20 -6.869368366
342 20 0.000023816
355 20 0.000019505
356 20 -10.282019846
357 20 0.000194787
16 21 0.000186065
17 21 0.000411834
18 21 -18.577580721
19 21 -0.003267364
20 21 -0.005928501
21 21 259.809533700
40 21 0.000124138
41 21 0.000264936
42 21 -10.938581786
97 21 0.000076294
98 21 0.000266042
99 21 -11.780008957
109 21 0.000264963
110 21 0.000446906
111 21 -19.996208263
112 21 0.000222738
113 21 0.000477675
114 21 -19.748430619
139 21 0.000151714
140 21 0.000427385
141 21 -19.996041455
154 21 0.000618223
155 21 0.000469450
156 21 -17.232525696
235 21 0.000155335
236 21 0.000315999
237 21 -13.981303641
238 21 0.000203113
239 21 0.000379624
240 21 -19.996066309
241 21 0.000328783
242 21 0.000372311
243 21 -19.995823196
274 21 0.000189994
275 21 0.000369712
276 21 -19.995937824
280 21 0.000281609
281 21 0.000740210
282 21 -16.824321614
331 21 0.000134906
332 21 0.000295031
333 21 -13.600699789
334 21 0.000191043
335 21 0.000472782
336 21 -19.996066326
340 21 -0.000002060
341 21 0.000023816
342 21 -6.869226081
355 21 0.000140505
356 21 0.000194787
357 21 -10.280711424
22 22 148.487409942
23 22 0.000519548
24 22 0.000949968
61 22 -15.964649047
62 22 -0.000053441
63 22 -0.000077484
76 22 -9.016997991
77 22 -0.000024293
78 22 -0.000046030
115 22 -16.633391604
116 22 -0.000058523
117 22 -0.000199544
157 22 -9.999372762
158 22 -0.000056845
159 22 -0.000119309
163 22 -19.998910553
164 22 -0.000075013
165 22 -0.000118036
199 22 -19.998913311
200 22 -0.000069588
201 22 -0.000108124
268 22 -16.877413240
269 22 -0.000048893
270 22 -0.000073769
310 22 -19.998885012
311 22 -0.000074922
312 22 -0.000120039
313 22 -19.998876423
314 22 -0.000058030
315 22 -0.000087633
22 23 0.000519548
23 23 148.487332990
24 23 -0.000527002
61 23 -0.000053441
62 23 -15.964629049
63 23 0.000044681
76 23 -0.000024293
77 23 -9.016993117
78 23 0.000022003
115 23 -0.000058523
116 23 -16.633469174
117 23 0.000012456
157 23 -0.000056845
158 23 -9.999413349
159 23 0.000044235
163 23 -0.000075013
164 23 -19.998864977
165 23 0.000107491
199 23 -0.000069588
200 23 -19.998849158
201 23 0.000133675
268 23 -0.000048893
269 23 -16.877391333
270 23 0.000045741
310 23 -0.000074922
311 23 -19.998872288
312 23 0.000062497
313 23 -0.000058030
314 23 -19.998850547
315 23 0.000054225
22 24 0.000949968
23 24 -0.000527002
24 24 148.491713020
61 24 -0.000077484
62 24 0.000044681
63 24 -15.965145222
76 24 -0.000046030
77 24 0.000022003
78 24 -9.017228710
115 24 -0.000199544
116 24 0.000012456
117 24 -16.633911286
157 24 -0.000119309
158 24 0.000044235
159 24 -9.999696970
163 24 -0.000118036
164 24 0.000107491
165 24 -19.999428355
199 24 -0.000108124
200 24 0.000133675
201 24 -19.999364251
268 24 -0.000073769
269 24 0.000045741
270 24 -16.877934504
310 24 -0.000120039
311 24 0.000062497
312 24 -19.999509557
313 24 -0.000087633
314 24 0.000054225
315 24 -19.999494167
25 25 164.962142284
26 25 0.000344748
27 25 0.005281202
115 25 -19.998297181
116 25 -0.000053762
117 25 -0.000451320
121 25 -8.549327473
122 25 -0.000033582
123 25 -0.000311891
124 25 -19.997907078
125 25 0.000036932
126 25 -0.000823592
157 25 -6.426702115
158 25 -0.000031689
159 25 -0.000168450
175 25 -19.998223675
176 25 -0.000040203
177 25 -0.000440435
256 25 -9.999207750
257 25 -0.000013467
258 25 -0.000181500
262 25 -19.998464026
263 25 -0.000020284
264 25 -0.000267004
289 25 -19.998164677
290 25 -0.000025982
291 25 -0.000417957
325 25 -19.998335371
326 25 -0.000051728
327 25 -0.000403942
361 25 -19.997512936
362 25 -0.000110982
363 25 -0.001815110
25 26 0.000344748
26 26 164.965400704
27 26 0.000960044
115 26 -0.000053762
116 26 -19.998599644
117 26 -0.000083115
121 26 -0.000033582
122 26 -8.549505319
123 26 -0.000010748
124 26 0.000036932
125 26 -19.998446160
126 26 -0.000270642
157 26 -0.000031689
158 26 -6.426812477
159 26 -0.000004250
175 26 -0.000040203
176 26 -19.998537280
177 26 -0.000121891
256 26 -0.000013467
257 26 -9.999335519
258 26 -0.000079826
262 26 -0.000020284
263 26 -19.998671184
264 26 -0.000171127
289 26 -0.000025982
290 26 -19.998453834
291 26 -0.000157192
325 26 -0.000051728
326 26 -19.998624229
327 26 -0.000091485
361 26 -0.000110982
362 26 -19.998415059
363 26 0.000030234
25 27 0.005281202
26 27 0.000960044
27 27 164.965290635
115 27 -0.000451320
116 27 -0.000083115
117 27 -19.998997207
121 27 -0.000311891
122 27 -0.000010748
123 27 -8.549406214
124 27 -0.000823592
125 27 -0.000270642
126 27 -19.998380976
157 27 -0.000168450
158 27 -0.000004250
159 27 -6.426915418
175 27 -0.000440435
176 27 -0.000121891
177 27 -19.999034834
256 27 -0.000181500
257 27 -0.000079826
258 27 -9.999499024
262 27 -0.000267004
263 27 -0.000171127
264 27 -19.999101974
289 27 -0.000417957
290 27 -0.000157192
291 27 -19.998977554
325 27 -0.000403942
326 27 -0.000091485
327 27 -19.999135173
361 27 -0.001815110
362 27 0.000030234
363 27 -19.995842261
28 28 227.835894731
29 28 0.100784519
30 28 0.323635054
31 28 -19.998850535
32 28 0.000007576
33 28 0.000060710
34 28 -19.998849424
35 28 0.000007758
36 28 0.000061268
58 28 -9.973287435
59 28 -0.095694815
60 28 -0.313009465
85 28 -19.997389510
86 28 -0.005123956
87 28 -0.011120950
127 28 -14.157571039
128 28 0.000005297
129 28 0.000043055
163 28 -15.787479228
164 28 -0.000022413
165 28 -0.000013332
166 28 -19.998903532
167 28 0.000027184
168 28 0.000102594
199 28 -9.904099266
200 28 -0.000011342
201 28 -0.000003388
214 28 -19.998902073
215 28 0.000030946
216 28 0.000110768
226 28 -9.573966143
227 28 0.000003257
228 28 0.000027336
268 28 -19.998872733
269 28 -0.000011271
270 28 0.000013822
271 28 -9.999408497
272 28 0.000000152
273 28 0.000018852
313 28 -18.449477009
314 28 -0.000010477
315 28 0.000012567
316 28 -19.998838308
317 28 0.000007586
318 28 0.000061109
28 29 0.100784519
29 29 227.496475128
30 29 -1.180797118
31 29 0.000007576
32 29 -19.998799506
33 29 0.000021849
34 29 0.000007758
35 29 -19.998803161
36 29 0.000008656
58 29 -0.095694815
59 29 -9.649928532
60 29 1.143373529
85 29 -0.005123956
86 29 -19.981845841
87 29 0.037117312
127 29 0.000005297
128 29 -14.157538141
129 29 0.000008759
163 29 -0.000022413
164 29 -15.787427817
165 29 0.000059522
166 29 0.000027184
167 29 -19.998850641
168 29 0.000035435
199 29 -0.000011342
200 29 -9.904057864
201 29 0.000050169
214 29 0.000030946
215 29 -19.998843457
216 29 0.000051992
226 29 0.000003257
227 29 -9.573937988
228 29 0.000013402
268 29 -0.000011271
269 29 -19.998827302
270 29 0.000021917
271 29 0.000000152
272 29 -9.999385873
273 29 0.000008126
313 29 -0.000010477
314 29 -18.449435167
315 29 0.000020236
316 29 0.000007586
317 29 -19.998793837
318 29 0.000006213
28 30 0.323635054
29 30 -1.180797118
30 30 224.049494262
31 30 0.000060710
32 30 0.000021849
33 30 -19.999445529
34 30 0.000061268
35 30 0.000008656
36 30 -19.999481171
58 30 -0.313009465
59 30 1.143373529
60 30 -6.259700502
85 30 -0.011120950
86 30 0.037117312
87 30 -19.918719903
127 30 0.000043055
128 30 0.000008759
129 30 -14.158006019
163 30 -0.000013332
164 30 0.000059522
165 30 -15.787892595
166 30 0.000102594
167 30 0.000035435
168 30 -19.999491702
199 30 -0.000003388
200 30 0.000050169
201 30 -9.904325758
214 30 0.000110768
215 30 0.000051992
216 30 -19.999455890
226 30 0.000027336
227 30 0.000013402
228 30 -9.574252925
268 30 0.000013822
269 30 0.000021917
270 30 -19.999496665
271 30 0.000018852
272 30 0.000008126
273 30 -9.999701411
313 30 0.000012567
314 30 0.000020236
315 30 -18.450052634
316 30 0.000061109
317 30 0.000006213
318 30 -19.999471558
16 31 -16.314856483
17 31 0.000006931
18 31 0.000051407
28 31 -19.998850535
29 31 0.000007576
30 31 0.000060710
31 31 213.240631296
32 31 0.069049649
33 31 0.225528422
34 31 -19.998833531
35 31 0.000010273
36 31 0.000068561
58 31 -7.210310719
59 31 -0.069183188
60 31 -0.226292464
88 31 -12.296273945
89 31 0.000003425
90 31 0.000032084
127 31 -19.998821727
128 31 0.000009998
129 31 0.000068112
166 31 -19.998887639
167 31 0.000029700
168 31 0.000109886
214 31 -10.896774515
215 31 0.000018228
216 31 0.000064319
226 31 -19.998883653
227 31 0.000009319
228 31 0.000064396
235 31 -15.054947913
236 31 0.000010455
237 31 0.000063846
247 31 -12.257442938
248 31 0.000028127
249 31 0.000099466
268 31 -18.783069422
269 31 -0.000008221
270 31 0.000019837
271 31 -7.655055353
272 31 0.000001275
273 31 0.000017713
316 31 -12.777622923
317 31 0.000006454
318 31 0.000043704
16 32 0.000006931
17 32 -16.314832119
18 32 -0.000016251
28 32 0.000007576
29 32 -19.998799506
30 32 0.000021849
31 32 0.069049649
32 32 213.006418653
33 32 -0.826717016
34 32 0.000010273
35 32 -19.998792360
36 32 -0.000001690
58 32 -0.069183188
59 32 -6.976536257
60 32 0.826612755
88 32 0.000003425
89 32 -12.296255307
90 32 -0.000010814
127 32 0.000009998
128 32 -19.998780353
129 32 0.000002013
166 32 0.000029700
167 32 -19.998839839
168 32 0.000025089
214 32 0.000018228
215 32 -10.896745357
216 32 0.000022672
226 32 0.000009319
227 32 -19.998829938
228 32 0.000017637
235 32 0.000010455
236 32 -15.054923838
237 32 -0.000008795
247 32 0.000028127
248 32 -12.257413148
249 32 0.000045647
268 32 -0.000008221
269 32 -18.783031535
270 32 0.000010858
271 32 0.000001275
272 32 -7.655041334
273 32 -0.000001312
316 32 0.000006454
317 32 -12.777597761
318 32 -0.000002642
16 33 0.000051407
17 33 -0.000016251
18 33 -16.315395549
28 33 0.000060710
29 33 0.000021849
30 33 -19.999445529
31 33 0.225528422
32 33 -0.826717016
33 33 210.562265419
34 33 0.000068561
35 33 -0.000001690
36 33 -19.999486584
58 33 -0.226292464
59 33 0.826612755
60 33 -4.525534157
88 33 0.000032084
89 33 -0.000010814
90 33 -12.296684446
127 33 0.000068112
128 33 0.000002013
129 33 -19.999457529
166 33 0.000109886
167 33 0.000025089
168 33 -19.999497116
214 33 0.000064319
215 33 0.000022672
216 33 -10.897087917
226 33 0.000064396
227 33 0.000017637
228 33 -19.999504063
235 33 0.000063846
236 33 -0.000008795
237 33 -15.055423117
247 33 0.000099466
248 33 0.000045647
249 33 -12.257735787
268 33 0.000019837
269 33 0.000010858
270 33 -18.783675436
271 33 0.000017713
272 33 -0.000001312
273 33 -7.655297067
316 33 0.000043704
317 33 -0.000002642
318 33 -12.778041122
28 34 -19.998849424
29 34 0.000007758
30 34 0.000061268
31 34 -19.998833531
32 34 0.000010273
33 34 0.000068561
34 34 193.395213325
35 34 -0.000205540
36 34 -0.000928143
70 34 -9.116212719
71 34 0.000005942
72 34 0.000036632
127 34 -19.998820616
128 34 0.000010180
129 34 0.000068670
166 34 -14.739554650
167 34 0.000022020
168 34 0.000081391
214 34 -19.998885069
215 34 0.000033644
216 34 0.000118619
226 34 -19.998882542
227 34 0.000009501
228 34 0.000064954
235 34 -9.548686871
236 34 0.000006718
237 34 0.000040761
247 34 -19.998832147
248 34 0.000046086
249 34 0.000162883
250 34 -19.998834451
251 34 0.000043136
252 34 0.000155443
316 34 -19.998821305
317 34 0.000010283
318 34 0.000068960
28 35 0.000007758
29 35 -19.998803161
30 35 0.000008656
31 35 0.000010273
32 35 -19.998792360
33 35 -0.000001690
34 35 -0.000205540
35 35 193.394813023
36 35 -0.000112452
70 35 0.000005942
71 35 -9.116198655
72 35 -0.000007292
127 35 0.000010180
128 35 -19.998784009
129 35 -0.000011179
166 35 0.000022020
167 35 -14.739522942
168 35 0.000008737
214 35 0.000033644
215 35 -19.998836311
216 35 0.000028453
226 35 0.000009501
227 35 -19.998833594
228 35 0.000004445
235 35 0.000006718
236 35 -9.548673879
237 35 -0.000011884
247 35 0.000046086
248 35 -19.998788299
249 35 0.000061347
250 35 0.000043136
251 35 -19.998793121
252 35 0.000050184
316 35 0.000010283
317 35 -19.998786692
318 35 -0.000017326
28 36 0.000061268
29 36 0.000008656
30 36 -19.999481171
31 36 0.000068561
32 36 -0.000001690
33 36 -19.999486584
34 36 -0.000928143
35 36 -0.000112452
36 36 193.401276537
70 36 0.000036632
71 36 -0.000007292
72 36 -9.116508354
127 36 0.000068670
128 36 -0.000011179
129 36 -19.999493171
166 36 0.000081391
167 36 0.000008737
168 36 -14.740030988
214 36 0.000118619
215 36 0.000028453
216 36 -19.999496947
226 36 0.000064954
227 36 0.000004445
228 36 -19.999539705
235 36 0.000040761
236 36 -0.000011884
237 36 -9.549005844
247 36 0.000162883
248 36 0.000061347
249 36 -19.999346552
250 36 0.000155443
251 36 0.000050184
252 36 -19.999374606
316 36 0.000068960
317 36 -0.000017326
318 36 -19.999512614
37 37 185.550560762
38 37 -0.000398102
39 37 -0.005571306
43 37 -19.997944852
44 37 0.000028203
45 37 0.000583692
55 37 -19.998024872
56 37 0.000041298
57 37 0.000593297
64 37 -19.998021106
65 37 0.000040950
66 37 0.000594270
94 37 -19.997960033
95 37 0.000027733
96 37 0.000547795
103 37 -19.998235725
104 37 0.000071828
105 37 0.000539777
106 37 -19.998055999
107 37 0.000057297
108 37 0.000657394
154 37 -19.998059642
155 37 0.000057940
156 37 0.000833158
172 37 -13.918224325
173 37 0.000026065
174 37 0.000442108
205 37 -19.997963451
206 37 0.000027421
207 37 0.000520966
241 37 -11.648070757
242 37 0.000019367
243 37 0.000258848
37 38 -0.000398102
38 38 185.552190574
39 38 0.001629216
43 38 0.000028203
44 38 -19.998138978
45 38 -0.000241199
55 38 0.000041298
56 38 -19.998210223
57 38 -0.000188922
64 38 0.000040950
65 38 -19.998207093
66 38 -0.000190643
94 38 0.000027733
95 38 -19.998110891
96 38 -0.000249097
103 38 0.000071828
104 38 -19.998398385
105 38 -0.000085791
106 38 0.000057297
107 38 -19.998281713
108 38 -0.000143690
154 38 0.000057940
155 38 -19.998223649
156 38 -0.000021834
172 38 0.000026065
173 38 -13.918372563
174 38 -0.000144563
205 38 0.000027421
206 38 -19.998108577
207 38 -0.000250901
241 38 0.000019367
242 38 -11.648138501
243 38 -0.000112576
37 39 -0.005571306
38 39 0.001629216
39 39 185.552480216
43 39 0.000583692
44 39 -0.000241199
45 39 -19.998615439
55 39 0.000593297
56 39 -0.000188922
57 39 -19.998493157
64 39 0.000594270
65 39 -0.000190643
66 39 -19.998492532
94 39 0.000547795
95 39 -0.000249097
96 39 -19.998366876
103 39 0.000539777
104 39 -0.000085791
105 39 -19.998741797
106 39 0.000657394
107 39 -0.000143690
108 39 -19.998463663
154 39 0.000833158
155 39 -0.000021834
156 39 -19.995923391
172 39 0.000442108
173 39 -0.000144563
174 39 -13.918568839
205 39 0.000520966
206 39 -0.000250901
207 39 -19.998492431
241 39 0.000258848
242 39 -0.000112576
243 39 -11.648322093
19 40 -10.939941416
20 40 0.000020896
21 40 0.000124138
40 40 122.958812627
41 40 -0.000145696
42 40 -0.000843141
70 40 -19.998701426
71 40 0.000017744
72 40 0.000101393
109 40 -19.998648422
110 40 0.000027630
111 40 0.000149443
112 40 -19.998682672
113 40 0.000019451
114 40 0.000109692
235 40 -12.025575183
236 40 0.000011294
237 40 0.000063984
280 40 -19.998607616
281 40 0.000036919
282 40 0.000218978
334 40 -19.998655893
335 40 0.000011763
336 40 0.000075513
19 41 0.000020896
20 41 -10.939887399
21 41 0.000264936
40 41 -0.000145696
41 41 122.958549990
42 41 -0.000737552
70 41 0.000017744
71 41 -19.998672227
72 41 0.000006446
109 41 0.000027630
110 41 -19.998632982
111 41 -0.000006419
112 41 0.000019451
113 41 -19.998650062
114 41 0.000028946
235 41 0.000011294
236 41 -12.025559809
237 41 -0.000001449
280 41 0.000036919
281 41 -19.998518688
282 41 0.000425627
334 41 0.000011763
335 41 -19.998628824
336 41 0.000019465
19 42 0.000124138
20 42 0.000264936
21 42 -10.938581786
40 42 -0.000843141
41 42 -0.000737552
42 42 122.957341140
70 42 0.000101393
71 42 0.000006446
72 42 -19.999191601
109 42 0.000149443
110 42 -0.000006419
111 42 -19.999149237
112 42 0.000109692
113 42 0.000028946
114 42 -19.999054109
235 42 0.000063984
236 42 -0.000001449
237 42 -12.025881561
280 42 0.000218978
281 42 0.000425627
282 42 -19.996475597
334 42 0.000075513
335 42 0.000019465
336 42 -19.999007249
37 43 -19.997944852
38 43 0.000028203
39 43 0.000583692
43 43 228.613033891
44 43 -0.000142392
45 43 -0.006606429
46 43 -19.997701251
47 43 -0.000011479
48 43 0.000660572
49 43 -19.997702923
50 43 -0.000010697
51 43 0.000658127
55 43 -19.997942609
56 43 0.000029759
57 43 0.000603714
106 43 -19.997973736
107 43 0.000045758
108 43 0.000667810
172 43 -19.997893748
173 43 0.000025904
174 43 0.000645609
202 43 -19.997702909
203 43 -0.000014633
204 43 0.000674777
205 43 -18.517521390
206 43 0.000014713
207 43 0.000491987
208 43 -19.998297627
209 43 0.000013322
210 43 0.000338955
211 43 -11.394790984
212 43 0.000007356
213 43 0.000313937
307 43 -19.997789220
308 43 0.000003919
309 43 0.000615194
322 43 -18.719772644
323 43 0.000010268
324 43 0.000352057
37 44 0.000028203
38 44 -19.998138978
39 44 -0.000241199
43 44 -0.000142392
44 44 228.615153301
45 44 0.003498035
46 44 -0.000011479
47 44 -19.997916195
48 44 -0.000394937
49 44 -0.000010697
50 44 -19.997916601
51 44 -0.000393270
55 44 0.000029759
56 44 -19.998142273
57 44 -0.000235516
106 44 0.000045758
107 44 -19.998213762
108 44 -0.000190285
172 44 0.000025904
173 44 -19.998121041
174 44 -0.000254315
202 44 -0.000014633
203 44 -19.997917467
204 44 -0.000406824
205 44 0.000014713
206 44 -18.517669014
207 44 -0.000275482
208 44 0.000013322
209 44 -19.998405468
210 44 -0.000280230
211 44 0.000007356
212 44 -11.394881493
213 44 -0.000180633
307 44 0.000003919
308 44 -19.997951988
309 44 -0.000381101
322 44 0.000010268
323 44 -18.719879023
324 44 -0.000264242
37 45 0.000583692
38 45 -0.000241199
39 45 -19.998615439
43 45 -0.006606429
44 45 0.003498035
45 45 228.619827694
46 45 0.000660572
47 45 -0.000394937
48 45 -19.998444942
49 45 0.000658127
50 45 -0.000393270
51 45 -19.998445704
55 45 0.000603714
56 45 -0.000235516
57 45 -19.998547533
106 45 0.000667810
107 45 -0.000190285
108 45 -19.998518043
172 45 0.000645609
173 45 -0.000254315
174 45 -19.998525526
202 45 0.000674777
203 45 -0.000406824
204 45 -19.998372604
205 45 0.000491987
206 45 -0.000275482
207 45 -18.518137954
208 45 0.000338955
209 45 -0.000280230
210 45 -19.998999437
211 45 0.000313937
212 45 -0.000180633
213 45 -11.395081403
307 45 0.000615194
308 45 -0.000381101
309 45 -19.997920843
322 45 0.000352057
323 45 -0.000264242
324 45 -18.720218266
43 46 -19.997701251
44 46 -0.000011479
45 46 0.000660572
46 46 154.350031960
47 46 0.000197653
48 46 -0.005159002
49 46 -19.997541587
50 46 -0.000038839
51 46 0.000724587
52 46 -14.675551028
53 46 -0.000088621
54 46 0.000749844
106 46 -19.997812396
107 46 0.000017614
108 46 0.000734272
172 46 -19.997732409
173 46 -0.000002240
174 46 0.000712070
202 46 -19.687440586
203 46 -0.000042086
204 46 0.000729644
208 46 -19.998136279
209 46 -0.000014824
210 46 0.000405425
322 46 -19.998116425
323 46 -0.000017178
324 46 0.000442589
43 47 -0.000011479
44 47 -19.997916195
45 47 -0.000394937
46 47 0.000197653
47 47 154.351587839
48 47 0.003409389
49 47 -0.000038839
50 47 -19.997761771
51 47 -0.000500410
52 47 -0.000088621
53 47 -14.675739326
54 47 -0.000572369
106 47 0.000017614
107 47 -19.998058925
108 47 -0.000297430
172 47 -0.000002240
173 47 -19.997966206
174 47 -0.000361458
202 47 -0.000042086
203 47 -19.687658208
204 47 -0.000505964
208 47 -0.000014824
209 47 -19.998250629
210 47 -0.000387377
322 47 -0.000017178
323 47 -19.998236579
324 47 -0.000389443
43 48 0.000660572
44 48 -0.000394937
45 48 -19.998444942
46 48 -0.005159002
47 48 0.003409389
48 48 154.354170850
49 48 0.000724587
50 48 -0.000500410
51 48 -19.998220836
52 48 0.000749844
53 48 -0.000572369
54 48 -14.675570289
106 48 0.000734272
107 48 -0.000297430
108 48 -19.998293171
172 48 0.000712070
173 48 -0.000361458
174 48 -19.998300654
202 48 0.000729644
203 48 -0.000505964
204 48 -19.688037626
208 48 0.000405425
209 48 -0.000387377
210 48 -19.998774553
322 48 0.000442589
323 48 -0.000389443
324 48 -19.998528781
43 49 -19.997702923
44 49 -0.000010697
45 49 0.000658127
46 49 -19.997541587
47 49 -0.000038839
48 49 0.000724587
49 49 199.763857476
50 49 0.000432055
51 49 -0.007504225
52 49 -19.997289058
53 49 -0.000119968
54 49 0.001019252
79 49 -19.997462922
80 49 -0.000084404
81 49 0.000903573
169 49 -14.979994929
170 49 -0.000068746
171 49 0.000709023
172 49 -16.405442778
173 49 -0.000001187
174 49 0.000582081
202 49 -19.997543245
203 49 -0.000041993
204 49 0.000738792
205 49 -19.997721521
206 49 -0.000011479
207 49 0.000595402
211 49 -19.997699072
212 49 -0.000014455
213 49 0.000615011
307 49 -19.997629555
308 49 -0.000023442
309 49 0.000679208
367 49 -8.397829886
368 49 -0.000016844
369 49 0.000279170
43 50 -0.000010697
44 50 -19.997916601
45 50 -0.000393270
46 50 -0.000038839
47 50 -19.997761771
48 50 -0.000500410
49 50 0.000432055
50 50 199.765824674
51 50 0.005422683
52 50 -0.000119968
53 50 -19.997544356
54 50 -0.000778213
79 50 -0.000084404
80 50 -19.997640839
81 50 -0.000765648
169 50 -0.000068746
170 50 -14.980131327
171 50 -0.000597715
172 50 -0.000001187
173 50 -16.405633517
174 50 -0.000295161
202 50 -0.000041993
203 50 -19.997763043
204 50 -0.000512296
205 50 -0.000011479
206 50 -19.997886201
207 50 -0.000402971
211 50 -0.000014455
212 50 -19.997863163
213 50 -0.000422487
307 50 -0.000023442
308 50 -19.997797563
309 50 -0.000486572
367 50 -0.000016844
368 50 -8.397886295
369 50 -0.000267940
43 51 0.000658127
44 51 -0.000393270
45 51 -19.998445704
46 51 0.000724587
47 51 -0.000500410
48 51 -19.998220836
49 51 -0.007504225
50 51 0.005422683
51 51 199.766513217
52 51 0.001019252
53 51 -0.000778213
54 51 -19.997314570
79 51 0.000903573
80 51 -0.000765648
81 51 -19.996968360
169 51 0.000709023
170 51 -0.000597715
171 51 -14.979488735
172 51 0.000582081
173 51 -0.000295161
174 51 -16.405908340
202 51 0.000738792
203 51 -0.000512296
204 51 -19.998148500
205 51 0.000595402
206 51 -0.000402971
207 51 -19.998322699
211 51 0.000615011
212 51 -0.000422487
213 51 -19.998144180
307 51 0.000679208
308 51 -0.000486572
309 51 -19.997696749
367 51 0.000279170
368 51 -0.000267940
369 51 -8.397854544
1 52 -10.460672489
2 52 -0.000100238
3 52 0.000608222
10 52 -19.997175693
11 52 -0.000164075
12 52 0.001109646
46 52 -14.675551028
47 52 -0.000088621
48 52 0.000749844
49 52 -19.997289058
50 52 -0.000119968
51 52 0.001019252
52 52 155.276808277
53 52 0.001094559
54 52 -0.008148435
79 52 -19.997208729
80 52 -0.000166305
81 52 0.001200650
169 52 -19.997200033
170 52 -0.000173688
171 52 0.001243656
202 52 -17.963093252
203 52 -0.000111310
204 52 0.000930612
208 52 -19.997883726
209 52 -0.000095963
210 52 0.000700125
367 52 -12.190734271
368 52 -0.000074392
369 52 0.000586428
1 53 -0.000100238
2 53 -10.460740617
3 53 -0.000648096
10 53 -0.000164075
11 53 -19.997333704
12 53 -0.001108804
46 53 -0.000088621
47 53 -14.675739326
48 53 -0.000572369
49 53 -0.000119968
50 53 -19.997544356
51 53 -0.000778213
52 53 0.001094559
53 53 155.278394478
54 53 0.007165822
79 53 -0.000166305
80 53 -19.997423029
81 53 -0.001045082
169 53 -0.000173688
170 53 -19.997418504
171 53 -0.001077402
202 53 -0.000111310
203 53 -17.963323393
204 53 -0.000711300
208 53 -0.000095963
209 53 -19.998033200
210 53 -0.000665203
367 53 -0.000074392
368 53 -12.190838350
369 53 -0.000559352
1 54 0.000608222
2 54 -0.000648096
3 54 -10.460206463
10 54 0.001109646
11 54 -0.001108804
12 54 -19.996175055
46 54 0.000749844
47 54 -0.000572369
48 54 -14.675570289
49 54 0.001019252
50 54 -0.000778213
51 54 -19.997314570
52 54 -0.008148435
53 54 0.007165822
54 54 155.272489621
79 54 0.001200650
80 54 -0.001045082
81 54 -19.996061461
169 54 0.001243656
170 54 -0.001077402
171 54 -19.995871296
202 54 0.000930612
203 54 -0.000711300
204 54 -17.963050285
208 54 0.000700125
209 54 -0.000665203
210 54 -19.997868225
367 54 0.000586428
368 54 -0.000559352
369 54 -12.190371978
37 55 -19.998024872
38 55 0.000041298
39 55 0.000593297
43 55 -19.997942609
44 55 0.000029759
45 55 0.000603714
55 55 178.149835309
56 55 -0.000382950
57 55 -0.005390453
64 55 -19.998018863
65 55 0.000042506
66 55 0.000614293
94 55 -17.015141391
95 55 0.000024924
96 55 0.000483199
103 55 -19.998233481
104 55 0.000073385
105 55 0.000559801
106 55 -19.213054519
107 55 0.000056532
108 55 0.000650666
154 55 -11.389209346
155 55 0.000033884
156 55 0.000485903
172 55 -19.997973767
173 55 0.000038998
174 55 0.000655214
205 55 -19.997961208
206 55 0.000028978
207 55 0.000540989
322 55 -10.544275253
323 55 0.000012686
324 55 0.000203377
37 56 0.000041298
38 56 -19.998210223
39 56 -0.000188922
43 56 0.000029759
44 56 -19.998142273
45 56 -0.000235516
55 56 -0.000382950
56 56 178.151456281
57 56 0.001606975
64 56 0.000042506
65 56 -19.998210388
66 56 -0.000184960
94 56 0.000024924
95 56 -17.015274479
96 56 -0.000207106
103 56 0.000073385
104 56 -19.998401680
105 56 -0.000080108
106 56 0.000056532
107 56 -19.213276630
108 56 -0.000132628
154 56 0.000033884
155 56 -11.389305905
156 56 -0.000009197
172 56 0.000038998
173 56 -19.998192286
174 56 -0.000202038
205 56 0.000028978
206 56 -19.998111872
207 56 -0.000245219
322 56 0.000012686
323 56 -10.544330546
324 56 -0.000121281
37 57 0.000593297
38 57 -0.000188922
39 57 -19.998493157
43 57 0.000603714
44 57 -0.000235516
45 57 -19.998547533
55 57 -0.005390453
56 57 0.001606975
57 57 178.152156505
64 57 0.000614293
65 57 -0.000184960
66 57 -19.998424626
94 57 0.000483199
95 57 -0.000207106
96 57 -17.015431373
103 57 0.000559801
104 57 -0.000080108
105 57 -19.998673888
106 57 0.000650666
107 57 -0.000132628
108 57 -19.213383393
154 57 0.000485903
155 57 -0.000009197
156 57 -11.387955290
172 57 0.000655214
173 57 -0.000202038
174 57 -19.998403244
205 57 0.000540989
206 57 -0.000245219
207 57 -19.998424527
322 57 0.000203377
323 57 -0.000121281
324 57 -10.544419476
16 58 -7.422905549
17 58 -0.071223597
18 58 -0.232965601
28 58 -9.973287435
29 58 -0.095694815
30 58 -0.313009465
31 58 -7.210310719
32 58 -0.069183188
33 58 -0.226292464
58 58 92.898715838
59 58 0.891376916
60 58 2.915617523
76 58 -7.039450194
77 58 -0.067547931
78 58 -0.220945318
88 58 -9.973246943
89 58 -0.095695144
90 58 -0.313010408
127 58 -9.973272555
128 58 -0.095694000
129 58 -0.313006724
193 58 -3.741653352
194 58 -0.035901854
195 58 -0.117431810
220 58 -9.973238241
221 58 -0.095694106
222 58 -0.313005898
226 58 -9.973303649
227 58 -0.095694439
228 58 -0.313009478
271 58 -8.412978919
272 58 -0.080724735
273 58 -0.264043178
316 58 -9.205068283
317 58 -0.088323108
318 58 -0.288897180
16 59 -0.071223597
17 59 -7.182242109
18 59 0.850977525
28 59 -0.095694815
29 59 -9.649928532
30 59 1.143373529
31 59 -0.069183188
